{
    "reporters": {
        "sobol": {
            "confidence_intervals": {
                "levels": [
                    0.05,
                    0.95
                ],
                "method": "percentile",
                "replicates": 10000,
                "seed": 1
            },
            "indices": [
                "FIRST_ORDER",
                "TOTAL",
                "SECOND_ORDER"
            ],
            "num_params": 4,
            "type": "SobolReporter",
            "values": {
                "results_results:T_avg:value": {
                    "type": "SobolIndices<double>"
                },
                "results_results:q_left:value": {
                    "type": "SobolIndices<double>"
                }
            }
        },
        "stats": {
            "confidence_intervals": {
                "levels": [
                    0.05,
                    0.95
                ],
                "method": "percentile",
                "replicates": 10000,
                "seed": 1
            },
            "type": "StatisticsReporter",
            "values": {
                "results_results:T_avg:value_MEAN": {
                    "stat": "MEAN",
                    "type": "std::pair<double, std::vector<double> >"
                },
                "results_results:q_left:value_MEAN": {
                    "stat": "MEAN",
                    "type": "std::pair<double, std::vector<double> >"
                }
            }
        }
    },
    "time_steps": [
        {
            "sobol": {
                "results_results:T_avg:value": {
                    "FIRST_ORDER": [
                        [
                            0.7079682315460529,
                            0.022003810752935962,
                            0.06629141722528406,
                            0.12306349437144783
                        ],
                        [
                            [
                                -2.778576837390401,
                                -0.0923840362252813,
                                -0.33953641462917444,
                                -0.6272646085746221
                            ],
                            [
                                3.1575055384065687,
                                0.10810117542142149,
                                0.44730763561354525,
                                0.7136139871038889
                            ]
                        ]
                    ],
                    "SECOND_ORDER": [
                        [
                            [
                                0.7079682315460529,
                                5.3391885740933,
                                2.213176168087708,
                                3.2444306898982767
                            ],
                            [
                                5.3391885740933,
                                0.022003810752935962,
                                0.10021434300595027,
                                0.03146757769484784
                            ],
                            [
                                2.213176168087708,
                                0.10021434300595027,
                                0.06629141722528406,
                                0.011329509079781405
                            ],
                            [
                                3.2444306898982767,
                                0.03146757769484784,
                                0.011329509079781405,
                                0.12306349437144783
                            ]
                        ],
                        [
                            [
                                [
                                    -2.778576837390401,
                                    -6.454549229380251,
                                    -8.013830000296329,
                                    -8.121033794023335
                                ],
                                [
                                    -6.454549229380251,
                                    -0.0923840362252813,
                                    -0.8743948178853919,
                                    -1.1316087615874393
                                ],
                                [
                                    -8.013830000296329,
                                    -0.8743948178853919,
                                    -0.33953641462917444,
                                    -1.6300124540179968
                                ],
                                [
                                    -8.121033794023335,
                                    -1.1316087615874393,
                                    -1.6300124540179968,
                                    -0.6272646085746221
                                ]
                            ],
                            [
                                [
                                    3.1575055384065687,
                                    6.594936922311948,
                                    8.192699613090781,
                                    8.316284425832205
                                ],
                                [
                                    6.594936922311948,
                                    0.10810117542142149,
                                    0.9183264421363888,
                                    1.2152704067270645
                                ],
                                [
                                    8.192699613090781,
                                    0.9183264421363888,
                                    0.44730763561354525,
                                    1.8568944936372327
                                ],
                                [
                                    8.316284425832205,
                                    1.2152704067270645,
                                    1.8568944936372327,
                                    0.7136139871038889
                                ]
                            ]
                        ]
                    ],
                    "TOTAL": [
                        [
                            0.7170011239748011,
                            -0.23410520806105195,
                            0.014050245820542373,
                            -0.06683002867472965
                        ],
                        [
                            [
                                0.049115893640706565,
                                -2.240148385235004,
                                -1.5694929791243908,
                                -1.7111043447276533
                            ],
                            [
                                1.8641209326473396,
                                3.9534370745538534,
                                3.4019193072456204,
                                3.585576242089134
                            ]
                        ]
                    ]
                },
                "results_results:q_left:value": {
                    "FIRST_ORDER": [
                        [
                            0.7389200088104518,
                            0.020349594867369668,
                            0.22549127987918816,
                            0.025694489604817107
                        ],
                        [
                            [
                                -4.091739873702765,
                                -0.16637293825878882,
                                -1.3830155445581565,
                                -0.21054326591717482
                            ],
                            [
                                3.947523492747353,
                                0.1665429587899574,
                                1.3267423877123623,
                                0.19340501736478963
                            ]
                        ]
                    ],
                    "SECOND_ORDER": [
                        [
                            [
                                0.7389200088104518,
                                1.1482851633655828,
                                1.3355470568848986,
                                1.0958597073025564
                            ],
                            [
                                1.1482851633655828,
                                0.020349594867369668,
                                -0.08344803820392069,
                                -0.04418713548380046
                            ],
                            [
                                1.3355470568848986,
                                -0.08344803820392069,
                                0.22549127987918816,
                                -0.1269011054809108
                            ],
                            [
                                1.0958597073025564,
                                -0.04418713548380046,
                                -0.1269011054809108,
                                0.025694489604817107
                            ]
                        ],
                        [
                            [
                                [
                                    -4.091739873702765,
                                    -9.139881163051552,
                                    -11.458210899796187,
                                    -8.682853541799657
                                ],
                                [
                                    -9.139881163051552,
                                    -0.16637293825878882,
                                    -1.656948876741212,
                                    -0.3918542256440673
                                ],
                                [
                                    -11.458210899796187,
                                    -1.656948876741212,
                                    -1.3830155445581565,
                                    -1.6848825449903648
                                ],
                                [
                                    -8.682853541799657,
                                    -0.3918542256440673,
                                    -1.6848825449903648,
                                    -0.21054326591717482
                                ]
                            ],
                            [
                                [
                                    3.947523492747353,
                                    9.818740534575209,
                                    11.68784380386844,
                                    9.752682930726047
                                ],
                                [
                                    9.818740534575209,
                                    0.1665429587899574,
                                    2.1155879208584008,
                                    0.5543252646398215
                                ],
                                [
                                    11.68784380386844,
                                    2.1155879208584008,
                                    1.3267423877123623,
                                    2.119622204584661
                                ],
                                [
                                    9.752682930726047,
                                    0.5543252646398215,
                                    2.119622204584661,
                                    0.19340501736478963
                                ]
                            ]
                        ]
                    ],
                    "TOTAL": [
                        [
                            0.7167820377142026,
                            -0.06820553511007565,
                            0.28209547467004326,
                            -0.027625629805629437
                        ],
                        [
                            [
                                -0.8931482758355531,
                                -5.2654851300237615,
                                -3.2439900542445317,
                                -5.111217986149409
                            ],
                            [
                                2.5115384112506294,
                                7.2346296356909665,
                                4.793000313371506,
                                6.889820155566966
                            ]
                        ]
                    ]
                }
            },
            "stats": {
                "results_results:T_avg:value_MEAN": [
                    197.08718601660595,
                    [
                        188.41345732966371,
                        205.97591428995048
                    ]
                ],
                "results_results:q_left:value_MEAN": [
                    174.12450852747952,
                    [
                        161.95826742103895,
                        186.5833699460805
                    ]
                ]
            },
            "time": 2.0,
            "time_step": 2
        }
    ]
}
