{
    "reporters": {
        "sobol": {
            "confidence_intervals": {
                "levels": [
                    0.05,
                    0.95
                ],
                "method": "percentile",
                "replicates": 10000,
                "seed": 1
            },
            "indices": [
                "FIRST_ORDER",
                "TOTAL",
                "SECOND_ORDER"
            ],
            "num_params": 4,
            "type": "SobolReporter",
            "values": {
                "results_results:T_avg:value": {
                    "type": "SobolIndices<double>"
                },
                "results_results:q_left:value": {
                    "type": "SobolIndices<double>"
                }
            }
        },
        "stats": {
            "confidence_intervals": {
                "levels": [
                    0.05,
                    0.95
                ],
                "method": "percentile",
                "replicates": 10000,
                "seed": 1
            },
            "type": "StatisticsReporter",
            "values": {
                "results_results:T_avg:value_MEAN": {
                    "stat": "MEAN",
                    "type": "std::pair<double, std::vector<double>>"
                },
                "results_results:q_left:value_MEAN": {
                    "stat": "MEAN",
                    "type": "std::pair<double, std::vector<double>>"
                }
            }
        }
    },
    "time_steps": [
        {
            "sobol": {
                "results_results:T_avg:value": {
                    "FIRST_ORDER": [
                        [
                            2.1263340395510633,
                            -0.1704186766506682,
                            0.8910628142531882,
                            1.3282033876672334
                        ],
                        [
                            [
                                -1.9245992759047956,
                                -0.14744423678401847,
                                -0.7405474538071208,
                                -1.0243646808232845
                            ],
                            [
                                1.6905363618407854,
                                0.1450721789342176,
                                0.7404629509699922,
                                1.0489650198653504
                            ]
                        ]
                    ],
                    "SECOND_ORDER": [
                        [
                            [
                                2.1263340395510633,
                                -1.5858228336921647,
                                -2.3644853561144674,
                                -2.579482734445585
                            ],
                            [
                                -1.5858228336921647,
                                -0.1704186766506682,
                                -0.4523042536164599,
                                -0.367641436024306
                            ],
                            [
                                -2.3644853561144674,
                                -0.4523042536164599,
                                0.8910628142531882,
                                -1.5711186359853193
                            ],
                            [
                                -2.579482734445585,
                                -0.367641436024306,
                                -1.5711186359853193,
                                1.3282033876672334
                            ]
                        ],
                        [
                            [
                                [
                                    -1.9245992759047956,
                                    -2.4218500787437396,
                                    -3.617008106448411,
                                    -5.862519943209779
                                ],
                                [
                                    -2.4218500787437396,
                                    -0.14744423678401847,
                                    -0.832270330827527,
                                    -2.8610595323068497
                                ],
                                [
                                    -3.617008106448411,
                                    -0.832270330827527,
                                    -0.7405474538071208,
                                    -3.5757491943596618
                                ],
                                [
                                    -5.862519943209779,
                                    -2.8610595323068497,
                                    -3.5757491943596618,
                                    -1.0243646808232845
                                ]
                            ],
                            [
                                [
                                    1.6905363618407854,
                                    3.1470133995628062,
                                    4.514567212267766,
                                    6.89107489125814
                                ],
                                [
                                    3.1470133995628062,
                                    0.1450721789342176,
                                    1.0571317999622678,
                                    4.298526262974558
                                ],
                                [
                                    4.514567212267766,
                                    1.0571317999622678,
                                    0.7404629509699922,
                                    4.456668649214556
                                ],
                                [
                                    6.89107489125814,
                                    4.298526262974558,
                                    4.456668649214556,
                                    1.0489650198653504
                                ]
                            ]
                        ]
                    ],
                    "TOTAL": [
                        [
                            0.6716920085825218,
                            0.42122423634195616,
                            0.3537665831825715,
                            0.7240444008318918
                        ],
                        [
                            [
                                -0.418787576163522,
                                -1.0914201016146587,
                                -1.461531958201411,
                                -0.05300938717236381
                            ],
                            [
                                2.34661879291093,
                                2.6160736708372916,
                                3.0599292054684,
                                1.7735775267008993
                            ]
                        ]
                    ]
                },
                "results_results:q_left:value": {
                    "FIRST_ORDER": [
                        [
                            1.8235469621932516,
                            0.06461083007807501,
                            0.49024479333618587,
                            0.019712160157117343
                        ],
                        [
                            [
                                -4.271886175566092,
                                -0.21358955122248832,
                                -1.1140788037385907,
                                -0.13405082544978414
                            ],
                            [
                                3.742866431612808,
                                0.2143580106124228,
                                1.044098143434037,
                                0.11379671226869181
                            ]
                        ]
                    ],
                    "SECOND_ORDER": [
                        [
                            [
                                1.8235469621932516,
                                -1.3905505375487972,
                                -1.468198101809389,
                                -1.375093249672925
                            ],
                            [
                                -1.3905505375487972,
                                0.06461083007807501,
                                -0.12126951652702196,
                                -0.047038385516822184
                            ],
                            [
                                -1.468198101809389,
                                -0.12126951652702196,
                                0.49024479333618587,
                                -0.2655312466346423
                            ],
                            [
                                -1.375093249672925,
                                -0.047038385516822184,
                                -0.2655312466346423,
                                0.019712160157117343
                            ]
                        ],
                        [
                            [
                                [
                                    -4.271886175566092,
                                    -5.304910750107738,
                                    -7.760475751994446,
                                    -5.214012530917785
                                ],
                                [
                                    -5.304910750107738,
                                    -0.21358955122248832,
                                    -2.249348007191563,
                                    -0.39487323449307704
                                ],
                                [
                                    -7.760475751994446,
                                    -2.249348007191563,
                                    -1.1140788037385907,
                                    -1.8734667070660467
                                ],
                                [
                                    -5.214012530917785,
                                    -0.39487323449307704,
                                    -1.8734667070660467,
                                    -0.13405082544978414
                                ]
                            ],
                            [
                                [
                                    3.742866431612808,
                                    6.469542112008098,
                                    8.967736860567939,
                                    6.0827138324513825
                                ],
                                [
                                    6.469542112008098,
                                    0.2143580106124228,
                                    3.3271039032372682,
                                    0.5153962553256152
                                ],
                                [
                                    8.967736860567939,
                                    3.3271039032372682,
                                    1.044098143434037,
                                    2.0634135974545433
                                ],
                                [
                                    6.0827138324513825,
                                    0.5153962553256152,
                                    2.0634135974545433,
                                    0.11379671226869181
                                ]
                            ]
                        ]
                    ],
                    "TOTAL": [
                        [
                            0.8361004068731036,
                            0.3945056560029335,
                            0.346048550986653,
                            0.45400871228396333
                        ],
                        [
                            [
                                0.05818944660486691,
                                -1.878159764251841,
                                -2.3161866666666224,
                                -1.3652499049416096
                            ],
                            [
                                1.7554390551839805,
                                3.5022906001104546,
                                3.853777814700177,
                                2.8919833475141856
                            ]
                        ]
                    ]
                }
            },
            "stats": {
                "results_results:T_avg:value_MEAN": [
                    202.8201819567622,
                    [
                        194.29058053592289,
                        211.62739771551531
                    ]
                ],
                "results_results:q_left:value_MEAN": [
                    182.62967983344282,
                    [
                        169.07983812958125,
                        196.41814128692013
                    ]
                ]
            },
            "time": 2.0,
            "time_step": 2
        }
    ]
}