{
    "app_name": "main",
    "current_time": "Tue Feb  3 10:53:00 2026",
    "executable": "/Users/behnpa/projects/moose/modules/stochastic_tools/stochastic_tools-devel",
    "executable_time": "Mon Feb  2 14:42:04 2026",
    "libmesh_version": "",
    "moose_version": "git commit 7cc471e238 on 2026-02-02",
    "petsc_version": "3.24.2",
    "reporters": {
        "sobol": {
            "confidence_intervals": {
                "levels": [
                    0.05,
                    0.95
                ],
                "method": "percentile",
                "replicates": 10000,
                "seed": 1
            },
            "indices": [
                "FIRST_ORDER",
                "TOTAL",
                "SECOND_ORDER"
            ],
            "num_params": 4,
            "type": "SobolReporter",
            "values": {
                "results_results:T_avg:value": {
                    "type": "SobolIndices<double>"
                },
                "results_results:q_left:value": {
                    "type": "SobolIndices<double>"
                }
            }
        },
        "stats": {
            "confidence_intervals": {
                "levels": [
                    0.05,
                    0.95
                ],
                "method": "percentile",
                "replicates": 10000,
                "seed": 1
            },
            "type": "StatisticsReporter",
            "values": {
                "results_results:T_avg:value_MEAN": {
                    "stat": "MEAN",
                    "type": "std::pair<double, std::vector<double>>"
                },
                "results_results:q_left:value_MEAN": {
                    "stat": "MEAN",
                    "type": "std::pair<double, std::vector<double>>"
                }
            }
        }
    },
    "slepc_version": "3.24.0",
    "time_steps": [
        {
            "sobol": {
                "results_results:T_avg:value": {
                    "FIRST_ORDER": [
                        [
                            0.7262214490478756,
                            0.01597944570626979,
                            0.12217249768469421,
                            0.2864096659620644
                        ],
                        [
                            [
                                -1.8137272608171395,
                                -0.043791420474753914,
                                -0.4135414447531772,
                                -0.7131339112107212
                            ],
                            [
                                2.0928081819125426,
                                0.049987916845287104,
                                0.39851409191718223,
                                0.8483092972723925
                            ]
                        ]
                    ],
                    "SECOND_ORDER": [
                        [
                            [
                                0.7262214490478756,
                                5.259052208319739,
                                3.1796643729842375,
                                5.7467049267181824
                            ],
                            [
                                5.259052208319739,
                                0.01597944570626979,
                                0.1305469828173567,
                                0.00047711629273284803
                            ],
                            [
                                3.1796643729842375,
                                0.1305469828173567,
                                0.12217249768469421,
                                -0.21626025690159456
                            ],
                            [
                                5.7467049267181824,
                                0.00047711629273284803,
                                -0.21626025690159456,
                                0.2864096659620644
                            ]
                        ],
                        [
                            [
                                [
                                    -1.8137272608171395,
                                    -5.012146858969228,
                                    -6.157401537292244,
                                    -6.554847615195313
                                ],
                                [
                                    -5.012146858969228,
                                    -0.043791420474753914,
                                    -0.6437252079110996,
                                    -1.1794170799065469
                                ],
                                [
                                    -6.157401537292244,
                                    -0.6437252079110996,
                                    -0.4135414447531772,
                                    -1.7602429459733109
                                ],
                                [
                                    -6.554847615195313,
                                    -1.1794170799065469,
                                    -1.7602429459733109,
                                    -0.7131339112107212
                                ]
                            ],
                            [
                                [
                                    2.0928081819125426,
                                    4.364191660311743,
                                    5.341177368099713,
                                    5.7857443968916655
                                ],
                                [
                                    4.364191660311743,
                                    0.049987916845287104,
                                    0.5474239340610006,
                                    1.060632840529646
                                ],
                                [
                                    5.341177368099713,
                                    0.5474239340610006,
                                    0.39851409191718223,
                                    2.2237815071359743
                                ],
                                [
                                    5.7857443968916655,
                                    1.060632840529646,
                                    2.2237815071359743,
                                    0.8483092972723925
                                ]
                            ]
                        ]
                    ],
                    "TOTAL": [
                        [
                            0.6510047156102501,
                            0.1263628426831901,
                            0.14686140981032414,
                            0.30779877861921956
                        ],
                        [
                            [
                                -0.19631912669936624,
                                -1.955791452947376,
                                -2.0987621572031836,
                                -1.2518009935146384
                            ],
                            [
                                2.2092205747908262,
                                4.130472360474399,
                                4.538458523135278,
                                3.4361460289654935
                            ]
                        ]
                    ]
                },
                "results_results:q_left:value": {
                    "FIRST_ORDER": [
                        [
                            1.1188666986344646,
                            -0.007035904335119538,
                            0.32982524903185045,
                            0.020752341469983157
                        ],
                        [
                            [
                                -3.3075277240266456,
                                -0.1088734800597114,
                                -1.3981966380154525,
                                -0.10018666765205086
                            ],
                            [
                                3.793190368433272,
                                0.09491685020990609,
                                1.4045967255684195,
                                0.12153193187383068
                            ]
                        ]
                    ],
                    "SECOND_ORDER": [
                        [
                            [
                                1.1188666986344646,
                                5.403038834024052,
                                9.95667489778378,
                                11.69627223647865
                            ],
                            [
                                5.403038834024052,
                                -0.007035904335119538,
                                0.15640260090259966,
                                0.005491249983377275
                            ],
                            [
                                9.95667489778378,
                                0.15640260090259966,
                                0.32982524903185045,
                                -0.24655988296294537
                            ],
                            [
                                11.69627223647865,
                                0.005491249983377275,
                                -0.24655988296294537,
                                0.020752341469983157
                            ]
                        ],
                        [
                            [
                                [
                                    -3.3075277240266456,
                                    -9.014479939689853,
                                    -13.33025810053429,
                                    -9.946827510568193
                                ],
                                [
                                    -9.014479939689853,
                                    -0.1088734800597114,
                                    -2.557056969731705,
                                    -0.22733482436693214
                                ],
                                [
                                    -13.33025810053429,
                                    -2.557056969731705,
                                    -1.3981966380154525,
                                    -1.8040265005328637
                                ],
                                [
                                    -9.946827510568193,
                                    -0.22733482436693214,
                                    -1.8040265005328637,
                                    -0.10018666765205086
                                ]
                            ],
                            [
                                [
                                    3.793190368433272,
                                    9.684261337613709,
                                    13.075803447721919,
                                    9.149656998201783
                                ],
                                [
                                    9.684261337613709,
                                    0.09491685020990609,
                                    1.8572610440173771,
                                    0.18395624844549419
                                ],
                                [
                                    13.075803447721919,
                                    1.8572610440173771,
                                    1.4045967255684195,
                                    2.171012426675395
                                ],
                                [
                                    9.149656998201783,
                                    0.18395624844549419,
                                    2.171012426675395,
                                    0.12153193187383068
                                ]
                            ]
                        ]
                    ],
                    "TOTAL": [
                        [
                            0.8133817716009831,
                            0.24851135766158405,
                            0.3779386841427037,
                            0.22254218983937524
                        ],
                        [
                            [
                                0.14123741790666178,
                                -2.9927685366524597,
                                -2.8039321709553873,
                                -3.0997700921357065
                            ],
                            [
                                1.6191458527170135,
                                4.329986229192899,
                                4.309196555469333,
                                4.379613485841173
                            ]
                        ]
                    ]
                }
            },
            "stats": {
                "results_results:T_avg:value_MEAN": [
                    196.58099662257825,
                    [
                        189.15238981121377,
                        203.9997784102331
                    ]
                ],
                "results_results:q_left:value_MEAN": [
                    173.66925263274138,
                    [
                        162.34813055786938,
                        184.98374107967615
                    ]
                ]
            },
            "time": 2.0,
            "time_step": 2
        }
    ]
}
